
Q Matrisi:
 0.00  0.00  0.00  0.00  0.00  81.00  0.00  0.00  0.00  0.00  0.00  0.00  0.00  0.00  0.00  0.00  0.00  0.00  0.00  0.00  0.00  0.00  0.00  0.00  0.00 
 0.00  496.00  0.00  0.00  0.00  0.00  396.00  0.00  0.00  0.00  0.00  0.00  0.00  0.00  0.00  0.00  0.00  0.00  0.00  0.00  0.00  0.00  0.00  0.00  0.00 
 0.00  0.00  0.00  201.00  0.00  0.00  0.00  0.00  0.00  0.00  0.00  0.00  0.00  0.00  0.00  0.00  0.00  0.00  0.00  0.00  0.00  0.00  0.00  0.00  0.00 
 0.00  0.00  160.00  0.00  0.00  0.00  0.00  0.00  252.00  0.00  0.00  0.00  0.00  0.00  0.00  0.00  0.00  0.00  0.00  0.00  0.00  0.00  0.00  0.00  0.00 
 0.00  0.00  0.00  0.00  0.00  0.00  0.00  0.00  0.00  201.00  0.00  0.00  0.00  0.00  0.00  0.00  0.00  0.00  0.00  0.00  0.00  0.00  0.00  0.00  0.00 
 64.00  0.00  0.00  0.00  0.00  0.00  0.00  0.00  0.00  0.00  102.00  0.00  0.00  0.00  0.00  0.00  0.00  0.00  0.00  0.00  0.00  0.00  0.00  0.00  0.00 
 0.00  496.00  0.00  0.00  0.00  0.00  0.00  316.00  0.00  0.00  0.00  0.00  0.00  0.00  0.00  0.00  0.00  0.00  0.00  0.00  0.00  0.00  0.00  0.00  0.00 
 0.00  0.00  0.00  0.00  0.00  0.00  396.00  0.00  0.00  201.00  0.00  0.00  0.00  0.00  0.00  0.00  0.00  0.00  0.00  0.00  0.00  0.00  0.00  0.00  0.00 
 0.00  0.00  0.00  201.00  0.00  0.00  0.00  316.00  0.00  201.00  0.00  0.00  0.00  201.00  0.00  0.00  0.00  0.00  0.00  0.00  0.00  0.00  0.00  0.00  0.00 
 0.00  0.00  0.00  0.00  160.00  0.00  0.00  0.00  252.00  0.00  0.00  0.00  0.00  0.00  0.00  0.00  0.00  0.00  0.00  0.00  0.00  0.00  0.00  0.00  0.00 
 0.00  0.00  0.00  0.00  0.00  81.00  0.00  0.00  0.00  0.00  0.00  128.00  0.00  0.00  0.00  0.00  0.00  0.00  0.00  0.00  0.00  0.00  0.00  0.00  0.00 
 0.00  0.00  0.00  0.00  0.00  0.00  0.00  0.00  0.00  0.00  102.00  0.00  160.00  0.00  0.00  0.00  102.00  0.00  0.00  0.00  0.00  0.00  0.00  0.00  0.00 
 0.00  0.00  0.00  0.00  0.00  0.00  0.00  0.00  0.00  0.00  0.00  128.00  0.00  201.00  0.00  0.00  0.00  0.00  0.00  0.00  0.00  0.00  0.00  0.00  0.00 
 0.00  0.00  0.00  0.00  0.00  0.00  0.00  0.00  252.00  0.00  0.00  0.00  160.00  0.00  0.00  0.00  0.00  0.00  160.00  0.00  0.00  0.00  0.00  0.00  0.00 
 0.00  0.00  0.00  0.00  0.00  0.00  0.00  0.00  0.00  0.00  0.00  0.00  0.00  0.00  0.00  0.00  0.00  0.00  0.00  128.00  0.00  0.00  0.00  0.00  0.00 
 0.00  0.00  0.00  0.00  0.00  0.00  0.00  0.00  0.00  0.00  0.00  0.00  0.00  0.00  0.00  0.00  102.00  0.00  0.00  0.00  64.00  0.00  0.00  0.00  0.00 
 0.00  0.00  0.00  0.00  0.00  0.00  0.00  0.00  0.00  0.00  0.00  128.00  0.00  0.00  0.00  81.00  0.00  0.00  0.00  0.00  0.00  81.00  0.00  0.00  0.00 
 0.00  0.00  0.00  0.00  0.00  0.00  0.00  0.00  0.00  0.00  0.00  0.00  0.00  0.00  0.00  0.00  0.00  0.00  160.00  0.00  0.00  0.00  0.00  0.00  0.00 
 0.00  0.00  0.00  0.00  0.00  0.00  0.00  0.00  0.00  0.00  0.00  0.00  0.00  201.00  0.00  0.00  0.00  128.00  0.00  128.00  0.00  0.00  0.00  0.00  0.00 
 0.00  0.00  0.00  0.00  0.00  0.00  0.00  0.00  0.00  0.00  0.00  0.00  0.00  0.00  102.00  0.00  0.00  0.00  160.00  0.00  0.00  0.00  0.00  0.00  102.00 
 0.00  0.00  0.00  0.00  0.00  0.00  0.00  0.00  0.00  0.00  0.00  0.00  0.00  0.00  0.00  81.00  0.00  0.00  0.00  0.00  0.00  0.00  0.00  0.00  0.00 
 0.00  0.00  0.00  0.00  0.00  0.00  0.00  0.00  0.00  0.00  0.00  0.00  0.00  0.00  0.00  0.00  102.00  0.00  0.00  0.00  0.00  0.00  0.00  0.00  0.00 
 0.00  0.00  0.00  0.00  0.00  0.00  0.00  0.00  0.00  0.00  0.00  0.00  0.00  0.00  0.00  0.00  0.00  0.00  0.00  0.00  0.00  0.00  0.00  81.00  0.00 
 0.00  0.00  0.00  0.00  0.00  0.00  0.00  0.00  0.00  0.00  0.00  0.00  0.00  0.00  0.00  0.00  0.00  0.00  0.00  0.00  0.00  0.00  64.00  0.00  102.00 
 0.00  0.00  0.00  0.00  0.00  0.00  0.00  0.00  0.00  0.00  0.00  0.00  0.00  0.00  0.00  0.00  0.00  0.00  0.00  128.00  0.00  0.00  0.00  81.00  0.00 
